10025.0
300.0
675
9241.0
300.0
675
8489.0
300.0
675
7769.0
300.0
675
7081.0
300.0
675
6425.0
300.0
675
5801.0
300.0
675
5209.0
300.0
675
4649.0
300.0
675
4121.0
300.0
675
3625.0
300.0
675
3161.0
300.0
675
2729.0
300.0
675
2329.0
300.0
675
1961.0
300.0
675
1625.0
300.0
675
1321.0
300.0
675
1049.0
300.0
675
809.0
300.0
675
601.0
300.0
675
425.0
300.0
675
281.0
300.0
675
169.0
300.0
675
89.0
300.0
675
41.0
300.0
675
25.0
300.0
675
41.0
300.0
675
89.0
300.0
675
169.0
300.0
675
281.0
300.0
675
425.0
300.0
675
601.0
300.0
675
809.0
300.0
675
1049.0
300.0
675
1321.0
300.0
675
1625.0
300.0
675
1961.0
300.0
675
2329.0
300.0
675
2729.0
300.0
675
3161.0
300.0
675
3625.0
300.0
675
4121.0
300.0
675
4649.0
300.0
675
5209.0
300.0
675
5801.0
300.0
675
6425.0
300.0
675
7081.0
300.0
675
7769.0
300.0
675
8489.0
300.0
675
9241.0
300.0
675
25650.0
300.0
675
24866.0
300.0
675
24114.0
300.0
675
23394.0
300.0
675
22706.0
300.0
675
22050.0
300.0
675
21426.0
300.0
675
20834.0
300.0
675
20274.0
300.0
675
19746.0
300.0
675
19250.0
300.0
675
18786.0
300.0
675
18354.0
300.0
675
17954.0
300.0
675
17586.0
300.0
675
17250.0
300.0
675
16946.0
300.0
675
16674.0
300.0
675
16434.0
300.0
675
16226.0
300.0
675
16050.0
300.0
675
15906.0
300.0
675
15794.0
300.0
675
15714.0
300.0
675
15666.0
300.0
675
15650.0
300.0
675
15666.0
300.0
675
15714.0
300.0
675
15794.0
300.0
675
15906.0
300.0
675
16050.0
300.0
675
16226.0
300.0
675
16434.0
300.0
675
16674.0
300.0
675
16946.0
300.0
675
17250.0
300.0
675
17586.0
300.0
675
17954.0
300.0
675
18354.0
300.0
675
18786.0
300.0
675
19250.0
300.0
675
19746.0
300.0
675
20274.0
300.0
675
20834.0
300.0
675
21426.0
300.0
675
22050.0
300.0
675
22706.0
300.0
675
23394.0
300.0
675
24114.0
300.0
675
24866.0
300.0
675
72525.0
300.0
675
71741.0
300.0
675
70989.0
300.0
675
70269.0
300.0
675
69581.0
300.0
675
68925.0
300.0
675
68301.0
300.0
675
67709.0
300.0
675
67149.0
300.0
675
66621.0
300.0
675
66125.0
300.0
675
65661.0
300.0
675
65229.0
300.0
675
64829.0
300.0
675
64461.0
300.0
675
64125.0
300.0
675
63821.0
300.0
675
63549.0
300.0
675
63309.0
300.0
675
63101.0
300.0
675
62925.0
300.0
675
62781.0
300.0
675
62669.0
300.0
675
62589.0
300.0
675
62541.0
300.0
675
62525.0
300.0
675
62541.0
300.0
675
62589.0
300.0
675
62669.0
300.0
675
62781.0
300.0
675
62925.0
300.0
675
63101.0
300.0
675
63309.0
300.0
675
63549.0
300.0
675
63821.0
300.0
675
64125.0
300.0
675
64461.0
300.0
675
64829.0
300.0
675
65229.0
300.0
675
65661.0
300.0
675
66125.0
300.0
675
66621.0
300.0
675
67149.0
300.0
675
67709.0
300.0
675
68301.0
300.0
675
68925.0
300.0
675
69581.0
300.0
675
70269.0
300.0
675
70989.0
300.0
675
71741.0
300.0
675
150650.0
300.0
675
149866.0
300.0
675
149114.0
300.0
675
148394.0
300.0
675
147706.0
300.0
675
147050.0
300.0
675
146426.0
300.0
675
145834.0
300.0
675
145274.0
300.0
675
144746.0
300.0
675
144250.0
300.0
675
143786.0
300.0
675
143354.0
300.0
675
142954.0
300.0
675
142586.0
300.0
675
142250.0
300.0
675
141946.0
300.0
675
141674.0
300.0
675
141434.0
300.0
675
141226.0
300.0
675
141050.0
300.0
675
140906.0
300.0
675
140794.0
300.0
675
140714.0
300.0
675
140666.0
300.0
675
140650.0
300.0
675
140666.0
300.0
675
140714.0
300.0
675
140794.0
300.0
675
140906.0
300.0
675
141050.0
300.0
675
141226.0
300.0
675
141434.0
300.0
675
141674.0
300.0
675
141946.0
300.0
675
142250.0
300.0
675
142586.0
300.0
675
142954.0
300.0
675
143354.0
300.0
675
143786.0
300.0
675
144250.0
300.0
675
144746.0
300.0
675
145274.0
300.0
675
145834.0
300.0
675
146426.0
300.0
675
147050.0
300.0
675
147706.0
300.0
675
148394.0
300.0
675
149114.0
300.0
675
149866.0
300.0
675
260025.0
300.0
675
259241.0
300.0
675
258489.0
300.0
675
257769.0
300.0
675
257081.0
300.0
675
256425.0
300.0
675
255801.0
300.0
675
255209.0
300.0
675
254649.0
300.0
675
254121.0
300.0
675
253625.0
300.0
675
253161.0
300.0
675
252729.0
300.0
675
252329.0
300.0
675
251961.0
300.0
675
251625.0
300.0
675
251321.0
300.0
675
251049.0
300.0
675
250809.0
300.0
675
250601.0
300.0
675
250425.0
300.0
675
250281.0
300.0
675
250169.0
300.0
675
250089.0
300.0
675
250041.0
300.0
675
250025.0
300.0
675
250041.0
300.0
675
250089.0
300.0
675
250169.0
300.0
675
250281.0
300.0
675
250425.0
300.0
675
250601.0
300.0
675
250809.0
300.0
675
251049.0
300.0
675
251321.0
300.0
675
251625.0
300.0
675
251961.0
300.0
675
252329.0
300.0
675
252729.0
300.0
675
253161.0
300.0
675
253625.0
300.0
675
254121.0
300.0
675
254649.0
300.0
675
255209.0
300.0
675
255801.0
300.0
675
256425.0
300.0
675
257081.0
300.0
675
257769.0
300.0
675
258489.0
300.0
675
259241.0
300.0
675
400650.0
300.0
675
399866.0
300.0
675
399114.0
300.0
675
398394.0
300.0
675
397706.0
300.0
675
397050.0
300.0
675
396426.0
300.0
675
395834.0
300.0
675
395274.0
300.0
675
394746.0
300.0
675
394250.0
300.0
675
393786.0
300.0
675
393354.0
300.0
675
392954.0
300.0
675
392586.0
300.0
675
392250.0
300.0
675
391946.0
300.0
675
391674.0
300.0
675
391434.0
300.0
675
391226.0
300.0
675
391050.0
300.0
675
390906.0
300.0
675
390794.0
300.0
675
390714.0
300.0
675
390666.0
300.0
675
390650.0
300.0
675
390666.0
300.0
675
390714.0
300.0
675
390794.0
300.0
675
390906.0
300.0
675
391050.0
300.0
675
391226.0
300.0
675
391434.0
300.0
675
391674.0
300.0
675
391946.0
300.0
675
392250.0
300.0
675
392586.0
300.0
675
392954.0
300.0
675
393354.0
300.0
675
393786.0
300.0
675
394250.0
300.0
675
394746.0
300.0
675
395274.0
300.0
675
395834.0
300.0
675
396426.0
300.0
675
397050.0
300.0
675
397706.0
300.0
675
398394.0
300.0
675
399114.0
300.0
675
399866.0
300.0
675
572525.0
300.0
675
571741.0
300.0
675
570989.0
300.0
675
570269.0
300.0
675
569581.0
300.0
675
568925.0
300.0
675
568301.0
300.0
675
567709.0
300.0
675
567149.0
300.0
675
566621.0
300.0
675
566125.0
300.0
675
565661.0
300.0
675
565229.0
300.0
675
564829.0
300.0
675
564461.0
300.0
675
564125.0
300.0
675
563821.0
300.0
675
563549.0
300.0
675
563309.0
300.0
675
563101.0
300.0
675
562925.0
300.0
675
562781.0
300.0
675
562669.0
300.0
675
562589.0
300.0
675
562541.0
300.0
675
562525.0
300.0
675
562541.0
300.0
675
562589.0
300.0
675
562669.0
300.0
675
562781.0
300.0
675
562925.0
300.0
675
563101.0
300.0
675
563309.0
300.0
675
563549.0
300.0
675
563821.0
300.0
675
564125.0
300.0
675
564461.0
300.0
675
564829.0
300.0
675
565229.0
300.0
675
565661.0
300.0
675
566125.0
300.0
675
566621.0
300.0
675
567149.0
300.0
675
567709.0
300.0
675
568301.0
300.0
675
568925.0
300.0
675
569581.0
300.0
675
570269.0
300.0
675
570989.0
300.0
675
571741.0
300.0
675
775650.0
300.0
675
774866.0
300.0
675
774114.0
300.0
675
773394.0
300.0
675
772706.0
300.0
675
772050.0
300.0
675
771426.0
300.0
675
770834.0
300.0
675
770274.0
300.0
675
769746.0
300.0
675
769250.0
300.0
675
768786.0
300.0
675
768354.0
300.0
675
767954.0
300.0
675
767586.0
300.0
675
767250.0
300.0
675
766946.0
300.0
675
766674.0
300.0
675
766434.0
300.0
675
766226.0
300.0
675
766050.0
300.0
675
765906.0
300.0
675
765794.0
300.0
675
765714.0
300.0
675
765666.0
300.0
675
765650.0
300.0
675
765666.0
300.0
675
765714.0
300.0
675
765794.0
300.0
675
765906.0
300.0
675
766050.0
300.0
675
766226.0
300.0
675
766434.0
300.0
675
766674.0
300.0
675
766946.0
300.0
675
767250.0
300.0
675
767586.0
300.0
675
767954.0
300.0
675
768354.0
300.0
675
768786.0
300.0
675
769250.0
300.0
675
769746.0
300.0
675
770274.0
300.0
675
770834.0
300.0
675
771426.0
300.0
675
772050.0
300.0
675
772706.0
300.0
675
773394.0
300.0
675
774114.0
300.0
675
774866.0
300.0
675
1010025.0
300.0
675
1009241.0
300.0
675
1008489.0
300.0
675
1007769.0
300.0
675
1007081.0
300.0
675
1006425.0
300.0
675
1005801.0
300.0
675
1005209.0
300.0
675
1004649.0
300.0
675
1004121.0
300.0
675
1003625.0
300.0
675
1003161.0
300.0
675
1002729.0
300.0
675
1002329.0
300.0
675
1001961.0
300.0
675
1001625.0
300.0
675
1001321.0
300.0
675
1001049.0
300.0
675
1000809.0
300.0
675
1000601.0
300.0
675
1000425.0
300.0
675
1000281.0
300.0
675
1000169.0
300.0
675
1000089.0
300.0
675
1000041.0
300.0
675
1000025.0
300.0
675
1000041.0
300.0
675
1000089.0
300.0
675
1000169.0
300.0
675
1000281.0
300.0
675
1000425.0
300.0
675
1000601.0
300.0
675
1000809.0
300.0
675
1001049.0
300.0
675
1001321.0
300.0
675
1001625.0
300.0
675
1001961.0
300.0
675
1002329.0
300.0
675
1002729.0
300.0
675
1003161.0
300.0
675
1003625.0
300.0
675
1004121.0
300.0
675
1004649.0
300.0
675
1005209.0
300.0
675
1005801.0
300.0
675
1006425.0
300.0
675
1007081.0
300.0
675
1007769.0
300.0
675
1008489.0
300.0
675
1009241.0
300.0
675
1275650.0
300.0
675
1274866.0
300.0
675
1274114.0
300.0
675
1273394.0
300.0
675
1272706.0
300.0
675
1272050.0
300.0
675
1271426.0
300.0
675
1270834.0
300.0
675
1270274.0
300.0
675
1269746.0
300.0
675
1269250.0
300.0
675
1268786.0
300.0
675
1268354.0
300.0
675
1267954.0
300.0
675
1267586.0
300.0
675
1267250.0
300.0
675
1266946.0
300.0
675
1266674.0
300.0
675
1266434.0
300.0
675
1266226.0
300.0
675
1266050.0
300.0
675
1265906.0
300.0
675
1265794.0
300.0
675
1265714.0
300.0
675
1265666.0
300.0
675
1265650.0
300.0
675
1265666.0
300.0
675
1265714.0
300.0
675
1265794.0
300.0
675
1265906.0
300.0
675
1266050.0
300.0
675
1266226.0
300.0
675
1266434.0
300.0
675
1266674.0
300.0
675
1266946.0
300.0
675
1267250.0
300.0
675
1267586.0
300.0
675
1267954.0
300.0
675
1268354.0
300.0
675
1268786.0
300.0
675
1269250.0
300.0
675
1269746.0
300.0
675
1270274.0
300.0
675
1270834.0
300.0
675
1271426.0
300.0
675
1272050.0
300.0
675
1272706.0
300.0
675
1273394.0
300.0
675
1274114.0
300.0
675
1274866.0
300.0
675
1572525.0
300.0
675
1571741.0
300.0
675
1570989.0
300.0
675
1570269.0
300.0
675
1569581.0
300.0
675
1568925.0
300.0
675
1568301.0
300.0
675
1567709.0
300.0
675
1567149.0
300.0
675
1566621.0
300.0
675
1566125.0
300.0
675
1565661.0
300.0
675
1565229.0
300.0
675
1564829.0
300.0
675
1564461.0
300.0
675
1564125.0
300.0
675
1563821.0
300.0
675
1563549.0
300.0
675
1563309.0
300.0
675
1563101.0
300.0
675
1562925.0
300.0
675
1562781.0
300.0
675
1562669.0
300.0
675
1562589.0
300.0
675
1562541.0
300.0
675
1562525.0
300.0
675
1562541.0
300.0
675
1562589.0
300.0
675
1562669.0
300.0
675
1562781.0
300.0
675
1562925.0
300.0
675
1563101.0
300.0
675
1563309.0
300.0
675
1563549.0
300.0
675
1563821.0
300.0
675
1564125.0
300.0
675
1564461.0
300.0
675
1564829.0
300.0
675
1565229.0
300.0
675
1565661.0
300.0
675
1566125.0
300.0
675
1566621.0
300.0
675
1567149.0
300.0
675
1567709.0
300.0
675
1568301.0
300.0
675
1568925.0
300.0
675
1569581.0
300.0
675
1570269.0
300.0
675
1570989.0
300.0
675
1571741.0
300.0
675
1900650.0
300.0
675
1899866.0
300.0
675
1899114.0
300.0
675
1898394.0
300.0
675
1897706.0
300.0
675
1897050.0
300.0
675
1896426.0
300.0
675
1895834.0
300.0
675
1895274.0
300.0
675
1894746.0
300.0
675
1894250.0
300.0
675
1893786.0
300.0
675
1893354.0
300.0
675
1892954.0
300.0
675
1892586.0
300.0
675
1892250.0
300.0
675
1891946.0
300.0
675
1891674.0
300.0
675
1891434.0
300.0
675
1891226.0
300.0
675
1891050.0
300.0
675
1890906.0
300.0
675
1890794.0
300.0
675
1890714.0
300.0
675
1890666.0
300.0
675
1890650.0
300.0
675
1890666.0
300.0
675
1890714.0
300.0
675
1890794.0
300.0
675
1890906.0
300.0
675
1891050.0
300.0
675
1891226.0
300.0
675
1891434.0
300.0
675
1891674.0
300.0
675
1891946.0
300.0
675
1892250.0
300.0
675
1892586.0
300.0
675
1892954.0
300.0
675
1893354.0
300.0
675
1893786.0
300.0
675
1894250.0
300.0
675
1894746.0
300.0
675
1895274.0
300.0
675
1895834.0
300.0
675
1896426.0
300.0
675
1897050.0
300.0
675
1897706.0
300.0
675
1898394.0
300.0
675
1899114.0
300.0
675
1899866.0
300.0
675
2260025.0
300.0
675
2259241.0
300.0
675
2258489.0
300.0
675
2257769.0
300.0
675
2257081.0
300.0
675
2256425.0
300.0
675
2255801.0
300.0
675
2255209.0
300.0
675
2254649.0
300.0
675
2254121.0
300.0
675
2253625.0
300.0
675
2253161.0
300.0
675
2252729.0
300.0
675
2252329.0
300.0
675
2251961.0
300.0
675
2251625.0
300.0
675
2251321.0
300.0
675
2251049.0
300.0
675
2250809.0
300.0
675
2250601.0
300.0
675
2250425.0
300.0
675
2250281.0
300.0
675
2250169.0
300.0
675
2250089.0
300.0
675
2250041.0
300.0
675
2250025.0
300.0
675
2250041.0
300.0
675
2250089.0
300.0
675
2250169.0
300.0
675
2250281.0
300.0
675
2250425.0
300.0
675
2250601.0
300.0
675
2250809.0
300.0
675
2251049.0
300.0
675
2251321.0
300.0
675
2251625.0
300.0
675
2251961.0
300.0
675
2252329.0
300.0
675
2252729.0
300.0
675
2253161.0
300.0
675
2253625.0
300.0
675
2254121.0
300.0
675
2254649.0
300.0
675
2255209.0
300.0
675
2255801.0
300.0
675
2256425.0
300.0
675
2257081.0
300.0
675
2257769.0
300.0
675
2258489.0
300.0
675
2259241.0
300.0
675
2650650.0
300.0
675
2649866.0
300.0
675
2649114.0
300.0
675
2648394.0
300.0
675
2647706.0
300.0
675
2647050.0
300.0
675
2646426.0
300.0
675
2645834.0
300.0
675
2645274.0
300.0
675
2644746.0
300.0
675
2644250.0
300.0
675
2643786.0
300.0
675
2643354.0
300.0
675
2642954.0
300.0
675
2642586.0
300.0
675
2642250.0
300.0
675
2641946.0
300.0
675
2641674.0
300.0
675
2641434.0
300.0
675
2641226.0
300.0
675
2641050.0
300.0
675
2640906.0
300.0
675
2640794.0
300.0
675
2640714.0
300.0
675
2640666.0
300.0
675
2640650.0
300.0
675
2640666.0
300.0
675
2640714.0
300.0
675
2640794.0
300.0
675
2640906.0
300.0
675
2641050.0
300.0
675
2641226.0
300.0
675
2641434.0
300.0
675
2641674.0
300.0
675
2641946.0
300.0
675
2642250.0
300.0
675
2642586.0
300.0
675
2642954.0
300.0
675
2643354.0
300.0
675
2643786.0
300.0
675
2644250.0
300.0
675
2644746.0
300.0
675
2645274.0
300.0
675
2645834.0
300.0
675
2646426.0
300.0
675
2647050.0
300.0
675
2647706.0
300.0
675
2648394.0
300.0
675
2649114.0
300.0
675
2649866.0
300.0
675
3072525.0
300.0
675
3071741.0
300.0
675
3070989.0
300.0
675
3070269.0
300.0
675
3069581.0
300.0
675
3068925.0
300.0
675
3068301.0
300.0
675
3067709.0
300.0
675
3067149.0
300.0
675
3066621.0
300.0
675
3066125.0
300.0
675
3065661.0
300.0
675
3065229.0
300.0
675
3064829.0
300.0
675
3064461.0
300.0
675
3064125.0
300.0
675
3063821.0
300.0
675
3063549.0
300.0
675
3063309.0
300.0
675
3063101.0
300.0
675
3062925.0
300.0
675
3062781.0
300.0
675
3062669.0
300.0
675
3062589.0
300.0
675
3062541.0
300.0
675
3062525.0
300.0
675
3062541.0
300.0
675
3062589.0
300.0
675
3062669.0
300.0
675
3062781.0
300.0
675
3062925.0
300.0
675
3063101.0
300.0
675
3063309.0
300.0
675
3063549.0
300.0
675
3063821.0
300.0
675
3064125.0
300.0
675
3064461.0
300.0
675
3064829.0
300.0
675
3065229.0
300.0
675
3065661.0
300.0
675
3066125.0
300.0
675
3066621.0
300.0
675
3067149.0
300.0
675
3067709.0
300.0
675
3068301.0
300.0
675
3068925.0
300.0
675
3069581.0
300.0
675
3070269.0
300.0
675
3070989.0
300.0
675
3071741.0
300.0
675
3525650.0
300.0
675
3524866.0
300.0
675
3524114.0
300.0
675
3523394.0
300.0
675
3522706.0
300.0
675
3522050.0
300.0
675
3521426.0
300.0
675
3520834.0
300.0
675
3520274.0
300.0
675
3519746.0
300.0
675
3519250.0
300.0
675
3518786.0
300.0
675
3518354.0
300.0
675
3517954.0
300.0
675
3517586.0
300.0
675
3517250.0
300.0
675
3516946.0
300.0
675
3516674.0
300.0
675
3516434.0
300.0
675
3516226.0
300.0
675
3516050.0
300.0
675
3515906.0
300.0
675
3515794.0
300.0
675
3515714.0
300.0
675
3515666.0
300.0
675
3515650.0
300.0
675
3515666.0
300.0
675
3515714.0
300.0
675
3515794.0
300.0
675
3515906.0
300.0
675
3516050.0
300.0
675
3516226.0
300.0
675
3516434.0
300.0
675
3516674.0
300.0
675
3516946.0
300.0
675
3517250.0
300.0
675
3517586.0
300.0
675
3517954.0
300.0
675
3518354.0
300.0
675
3518786.0
300.0
675
3519250.0
300.0
675
3519746.0
300.0
675
3520274.0
300.0
675
3520834.0
300.0
675
3521426.0
300.0
675
3522050.0
300.0
675
3522706.0
300.0
675
3523394.0
300.0
675
3524114.0
300.0
675
3524866.0
300.0
675
4010025.0
300.0
675
4009241.0
300.0
675
4008489.0
300.0
675
4007769.0
300.0
675
4007081.0
300.0
675
4006425.0
300.0
675
4005801.0
300.0
675
4005209.0
300.0
675
4004649.0
300.0
675
4004121.0
300.0
675
4003625.0
300.0
675
4003161.0
300.0
675
4002729.0
300.0
675
4002329.0
300.0
675
4001961.0
300.0
675
4001625.0
300.0
675
4001321.0
300.0
675
4001049.0
300.0
675
4000809.0
300.0
675
4000601.0
300.0
675
4000425.0
300.0
675
4000281.0
300.0
675
4000169.0
300.0
675
4000089.0
300.0
675
4000041.0
300.0
675
4000025.0
300.0
675
4000041.0
300.0
675
4000089.0
300.0
675
4000169.0
300.0
675
4000281.0
300.0
675
4000425.0
300.0
675
4000601.0
300.0
675
4000809.0
300.0
675
4001049.0
300.0
675
4001321.0
300.0
675
4001625.0
300.0
675
4001961.0
300.0
675
4002329.0
300.0
675
4002729.0
300.0
675
4003161.0
300.0
675
4003625.0
300.0
675
4004121.0
300.0
675
4004649.0
300.0
675
4005209.0
300.0
675
4005801.0
300.0
675
4006425.0
300.0
675
4007081.0
300.0
675
4007769.0
300.0
675
4008489.0
300.0
675
4009241.0
300.0
675
4525650.0
300.0
675
4524866.0
300.0
675
4524114.0
300.0
675
4523394.0
300.0
675
4522706.0
300.0
675
4522050.0
300.0
675
4521426.0
300.0
675
4520834.0
300.0
675
4520274.0
300.0
675
4519746.0
300.0
675
4519250.0
300.0
675
4518786.0
300.0
675
4518354.0
300.0
675
4517954.0
300.0
675
4517586.0
300.0
675
4517250.0
300.0
675
4516946.0
300.0
675
4516674.0
300.0
675
4516434.0
300.0
675
4516226.0
300.0
675
4516050.0
300.0
675
4515906.0
300.0
675
4515794.0
300.0
675
4515714.0
300.0
675
4515666.0
300.0
675
4515650.0
300.0
675
4515666.0
300.0
675
4515714.0
300.0
675
4515794.0
300.0
675
4515906.0
300.0
675
4516050.0
300.0
675
4516226.0
300.0
675
4516434.0
300.0
675
4516674.0
300.0
675
4516946.0
300.0
675
4517250.0
300.0
675
4517586.0
300.0
675
4517954.0
300.0
675
4518354.0
300.0
675
4518786.0
300.0
675
4519250.0
300.0
675
4519746.0
300.0
675
4520274.0
300.0
675
4520834.0
300.0
675
4521426.0
300.0
675
4522050.0
300.0
675
4522706.0
300.0
675
4523394.0
300.0
675
4524114.0
300.0
675
4524866.0
300.0
675
5072525.0
300.0
675
5071741.0
300.0
675
5070989.0
300.0
675
5070269.0
300.0
675
5069581.0
300.0
675
5068925.0
300.0
675
5068301.0
300.0
675
5067709.0
300.0
675
5067149.0
300.0
675
5066621.0
300.0
675
5066125.0
300.0
675
5065661.0
300.0
675
5065229.0
300.0
675
5064829.0
300.0
675
5064461.0
300.0
675
5064125.0
300.0
675
5063821.0
300.0
675
5063549.0
300.0
675
5063309.0
300.0
675
5063101.0
300.0
675
5062925.0
300.0
675
5062781.0
300.0
675
5062669.0
300.0
675
5062589.0
300.0
675
5062541.0
300.0
675
5062525.0
300.0
675
5062541.0
300.0
675
5062589.0
300.0
675
5062669.0
300.0
675
5062781.0
300.0
675
5062925.0
300.0
675
5063101.0
300.0
675
5063309.0
300.0
675
5063549.0
300.0
675
5063821.0
300.0
675
5064125.0
300.0
675
5064461.0
300.0
675
5064829.0
300.0
675
5065229.0
300.0
675
5065661.0
300.0
675
5066125.0
300.0
675
5066621.0
300.0
675
5067149.0
300.0
675
5067709.0
300.0
675
5068301.0
300.0
675
5068925.0
300.0
675
5069581.0
300.0
675
5070269.0
300.0
675
5070989.0
300.0
675
5071741.0
300.0
675
5650650.0
300.0
675
5649866.0
300.0
675
5649114.0
300.0
675
5648394.0
300.0
675
5647706.0
300.0
675
5647050.0
300.0
675
5646426.0
300.0
675
5645834.0
300.0
675
5645274.0
300.0
675
5644746.0
300.0
675
5644250.0
300.0
675
5643786.0
300.0
675
5643354.0
300.0
675
5642954.0
300.0
675
5642586.0
300.0
675
5642250.0
300.0
675
5641946.0
300.0
675
5641674.0
300.0
675
5641434.0
300.0
675
5641226.0
300.0
675
5641050.0
300.0
675
5640906.0
300.0
675
5640794.0
300.0
675
5640714.0
300.0
675
5640666.0
300.0
675
5640650.0
300.0
675
5640666.0
300.0
675
5640714.0
300.0
675
5640794.0
300.0
675
5640906.0
300.0
675
5641050.0
300.0
675
5641226.0
300.0
675
5641434.0
300.0
675
5641674.0
300.0
675
5641946.0
300.0
675
5642250.0
300.0
675
5642586.0
300.0
675
5642954.0
300.0
675
5643354.0
300.0
675
5643786.0
300.0
675
5644250.0
300.0
675
5644746.0
300.0
675
5645274.0
300.0
675
5645834.0
300.0
675
5646426.0
300.0
675
5647050.0
300.0
675
5647706.0
300.0
675
5648394.0
300.0
675
5649114.0
300.0
675
5649866.0
300.0
675
6260025.0
300.0
675
6259241.0
300.0
675
6258489.0
300.0
675
6257769.0
300.0
675
6257081.0
300.0
675
6256425.0
300.0
675
6255801.0
300.0
675
6255209.0
300.0
675
6254649.0
300.0
675
6254121.0
300.0
675
6253625.0
300.0
675
6253161.0
300.0
675
6252729.0
300.0
675
6252329.0
300.0
675
6251961.0
300.0
675
6251625.0
300.0
675
6251321.0
300.0
675
6251049.0
300.0
675
6250809.0
300.0
675
6250601.0
300.0
675
6250425.0
300.0
675
6250281.0
300.0
675
6250169.0
300.0
675
6250089.0
300.0
675
6250041.0
300.0
675
6250025.0
300.0
675
6250041.0
300.0
675
6250089.0
300.0
675
6250169.0
300.0
675
6250281.0
300.0
675
6250425.0
300.0
675
6250601.0
300.0
675
6250809.0
300.0
675
6251049.0
300.0
675
6251321.0
300.0
675
6251625.0
300.0
675
6251961.0
300.0
675
6252329.0
300.0
675
6252729.0
300.0
675
6253161.0
300.0
675
6253625.0
300.0
675
6254121.0
300.0
675
6254649.0
300.0
675
6255209.0
300.0
675
6255801.0
300.0
675
6256425.0
300.0
675
6257081.0
300.0
675
6257769.0
300.0
675
6258489.0
300.0
675
6259241.0
300.0
675
6900650.0
300.0
675
6899866.0
300.0
675
6899114.0
300.0
675
6898394.0
300.0
675
6897706.0
300.0
675
6897050.0
300.0
675
6896426.0
300.0
675
6895834.0
300.0
675
6895274.0
300.0
675
6894746.0
300.0
675
6894250.0
300.0
675
6893786.0
300.0
675
6893354.0
300.0
675
6892954.0
300.0
675
6892586.0
300.0
675
6892250.0
300.0
675
6891946.0
300.0
675
6891674.0
300.0
675
6891434.0
300.0
675
6891226.0
300.0
675
6891050.0
300.0
675
6890906.0
300.0
675
6890794.0
300.0
675
6890714.0
300.0
675
6890666.0
300.0
675
6890650.0
300.0
675
6890666.0
300.0
675
6890714.0
300.0
675
6890794.0
300.0
675
6890906.0
300.0
675
6891050.0
300.0
675
6891226.0
300.0
675
6891434.0
300.0
675
6891674.0
300.0
675
6891946.0
300.0
675
6892250.0
300.0
675
6892586.0
300.0
675
6892954.0
300.0
675
6893354.0
300.0
675
6893786.0
300.0
675
6894250.0
300.0
675
6894746.0
300.0
675
6895274.0
300.0
675
6895834.0
300.0
675
6896426.0
300.0
675
6897050.0
300.0
675
6897706.0
300.0
675
6898394.0
300.0
675
6899114.0
300.0
675
6899866.0
300.0
675
7572525.0
300.0
675
7571741.0
300.0
675
7570989.0
300.0
675
7570269.0
300.0
675
7569581.0
300.0
675
7568925.0
300.0
675
7568301.0
300.0
675
7567709.0
300.0
675
7567149.0
300.0
675
7566621.0
300.0
675
7566125.0
300.0
675
7565661.0
300.0
675
7565229.0
300.0
675
7564829.0
300.0
675
7564461.0
300.0
675
7564125.0
300.0
675
7563821.0
300.0
675
7563549.0
300.0
675
7563309.0
300.0
675
7563101.0
300.0
675
7562925.0
300.0
675
7562781.0
300.0
675
7562669.0
300.0
675
7562589.0
300.0
675
7562541.0
300.0
675
7562525.0
300.0
675
7562541.0
300.0
675
7562589.0
300.0
675
7562669.0
300.0
675
7562781.0
300.0
675
7562925.0
300.0
675
7563101.0
300.0
675
7563309.0
300.0
675
7563549.0
300.0
675
7563821.0
300.0
675
7564125.0
300.0
675
7564461.0
300.0
675
7564829.0
300.0
675
7565229.0
300.0
675
7565661.0
300.0
675
7566125.0
300.0
675
7566621.0
300.0
675
7567149.0
300.0
675
7567709.0
300.0
675
7568301.0
300.0
675
7568925.0
300.0
675
7569581.0
300.0
675
7570269.0
300.0
675
7570989.0
300.0
675
7571741.0
300.0
675
8275650.0
300.0
675
8274866.0
300.0
675
8274114.0
300.0
675
8273394.0
300.0
675
8272706.0
300.0
675
8272050.0
300.0
675
8271426.0
300.0
675
8270834.0
300.0
675
8270274.0
300.0
675
8269746.0
300.0
675
8269250.0
300.0
675
8268786.0
300.0
675
8268354.0
300.0
675
8267954.0
300.0
675
8267586.0
300.0
675
8267250.0
300.0
675
8266946.0
300.0
675
8266674.0
300.0
675
8266434.0
300.0
675
8266226.0
300.0
675
8266050.0
300.0
675
8265906.0
300.0
675
8265794.0
300.0
675
8265714.0
300.0
675
8265666.0
300.0
675
8265650.0
300.0
675
8265666.0
300.0
675
8265714.0
300.0
675
8265794.0
300.0
675
8265906.0
300.0
675
8266050.0
300.0
675
8266226.0
300.0
675
8266434.0
300.0
675
8266674.0
300.0
675
8266946.0
300.0
675
8267250.0
300.0
675
8267586.0
300.0
675
8267954.0
300.0
675
8268354.0
300.0
675
8268786.0
300.0
675
8269250.0
300.0
675
8269746.0
300.0
675
8270274.0
300.0
675
8270834.0
300.0
675
8271426.0
300.0
675
8272050.0
300.0
675
8272706.0
300.0
675
8273394.0
300.0
675
8274114.0
300.0
675
8274866.0
300.0
675
9010025.0
300.0
675
9009241.0
300.0
675
9008489.0
300.0
675
9007769.0
300.0
675
9007081.0
300.0
675
9006425.0
300.0
675
9005801.0
300.0
675
9005209.0
300.0
675
9004649.0
300.0
675
9004121.0
300.0
675
9003625.0
300.0
675
9003161.0
300.0
675
9002729.0
300.0
675
9002329.0
300.0
675
9001961.0
300.0
675
9001625.0
300.0
675
9001321.0
300.0
675
9001049.0
300.0
675
9000809.0
300.0
675
9000601.0
300.0
675
9000425.0
300.0
675
9000281.0
300.0
675
9000169.0
300.0
675
9000089.0
300.0
675
9000041.0
300.0
675
9000025.0
300.0
675
9000041.0
300.0
675
9000089.0
300.0
675
9000169.0
300.0
675
9000281.0
300.0
675
9000425.0
300.0
675
9000601.0
300.0
675
9000809.0
300.0
675
9001049.0
300.0
675
9001321.0
300.0
675
9001625.0
300.0
675
9001961.0
300.0
675
9002329.0
300.0
675
9002729.0
300.0
675
9003161.0
300.0
675
9003625.0
300.0
675
9004121.0
300.0
675
9004649.0
300.0
675
9005209.0
300.0
675
9005801.0
300.0
675
9006425.0
300.0
675
9007081.0
300.0
675
9007769.0
300.0
675
9008489.0
300.0
675
9009241.0
300.0
675
9775650.0
300.0
675
9774866.0
300.0
675
9774114.0
300.0
675
9773394.0
300.0
675
9772706.0
300.0
675
9772050.0
300.0
675
9771426.0
300.0
675
9770834.0
300.0
675
9770274.0
300.0
675
9769746.0
300.0
675
9769250.0
300.0
675
9768786.0
300.0
675
9768354.0
300.0
675
9767954.0
300.0
675
9767586.0
300.0
675
9767250.0
300.0
675
9766946.0
300.0
675
9766674.0
300.0
675
9766434.0
300.0
675
9766226.0
300.0
675
9766050.0
300.0
675
9765906.0
300.0
675
9765794.0
300.0
675
9765714.0
300.0
675
9765666.0
300.0
675
9765650.0
300.0
675
9765666.0
300.0
675
9765714.0
300.0
675
9765794.0
300.0
675
9765906.0
300.0
675
9766050.0
300.0
675
9766226.0
300.0
675
9766434.0
300.0
675
9766674.0
300.0
675
9766946.0
300.0
675
9767250.0
300.0
675
9767586.0
300.0
675
9767954.0
300.0
675
9768354.0
300.0
675
9768786.0
300.0
675
9769250.0
300.0
675
9769746.0
300.0
675
9770274.0
300.0
675
9770834.0
300.0
675
9771426.0
300.0
675
9772050.0
300.0
675
9772706.0
300.0
675
9773394.0
300.0
675
9774114.0
300.0
675
9774866.0
300.0
675
10572525.0
300.0
675
10571741.0
300.0
675
10570989.0
300.0
675
10570269.0
300.0
675
10569581.0
300.0
675
10568925.0
300.0
675
10568301.0
300.0
675
10567709.0
300.0
675
10567149.0
300.0
675
10566621.0
300.0
675
10566125.0
300.0
675
10565661.0
300.0
675
10565229.0
300.0
675
10564829.0
300.0
675
10564461.0
300.0
675
10564125.0
300.0
675
10563821.0
300.0
675
10563549.0
300.0
675
10563309.0
300.0
675
10563101.0
300.0
675
10562925.0
300.0
675
10562781.0
300.0
675
10562669.0
300.0
675
10562589.0
300.0
675
10562541.0
300.0
675
10562525.0
300.0
675
10562541.0
300.0
675
10562589.0
300.0
675
10562669.0
300.0
675
10562781.0
300.0
675
10562925.0
300.0
675
10563101.0
300.0
675
10563309.0
300.0
675
10563549.0
300.0
675
10563821.0
300.0
675
10564125.0
300.0
675
10564461.0
300.0
675
10564829.0
300.0
675
10565229.0
300.0
675
10565661.0
300.0
675
10566125.0
300.0
675
10566621.0
300.0
675
10567149.0
300.0
675
10567709.0
300.0
675
10568301.0
300.0
675
10568925.0
300.0
675
10569581.0
300.0
675
10570269.0
300.0
675
10570989.0
300.0
675
10571741.0
300.0
675
11400650.0
300.0
675
11399866.0
300.0
675
11399114.0
300.0
675
11398394.0
300.0
675
11397706.0
300.0
675
11397050.0
300.0
675
11396426.0
300.0
675
11395834.0
300.0
675
11395274.0
300.0
675
11394746.0
300.0
675
11394250.0
300.0
675
11393786.0
300.0
675
11393354.0
300.0
675
11392954.0
300.0
675
11392586.0
300.0
675
11392250.0
300.0
675
11391946.0
300.0
675
11391674.0
300.0
675
11391434.0
300.0
675
11391226.0
300.0
675
11391050.0
300.0
675
11390906.0
300.0
675
11390794.0
300.0
675
11390714.0
300.0
675
11390666.0
300.0
675
11390650.0
300.0
675
11390666.0
300.0
675
11390714.0
300.0
675
11390794.0
300.0
675
11390906.0
300.0
675
11391050.0
300.0
675
11391226.0
300.0
675
11391434.0
300.0
675
11391674.0
300.0
675
11391946.0
300.0
675
11392250.0
300.0
675
11392586.0
300.0
675
11392954.0
300.0
675
11393354.0
300.0
675
11393786.0
300.0
675
11394250.0
300.0
675
11394746.0
300.0
675
11395274.0
300.0
675
11395834.0
300.0
675
11396426.0
300.0
675
11397050.0
300.0
675
11397706.0
300.0
675
11398394.0
300.0
675
11399114.0
300.0
675
11399866.0
300.0
675
12260025.0
300.0
675
12259241.0
300.0
675
12258489.0
300.0
675
12257769.0
300.0
675
12257081.0
300.0
675
12256425.0
300.0
675
12255801.0
300.0
675
12255209.0
300.0
675
12254649.0
300.0
675
12254121.0
300.0
675
12253625.0
300.0
675
12253161.0
300.0
675
12252729.0
300.0
675
12252329.0
300.0
675
12251961.0
300.0
675
12251625.0
300.0
675
12251321.0
300.0
675
12251049.0
300.0
675
12250809.0
300.0
675
12250601.0
300.0
675
12250425.0
300.0
675
12250281.0
300.0
675
12250169.0
300.0
675
12250089.0
300.0
675
12250041.0
300.0
675
12250025.0
300.0
675
12250041.0
300.0
675
12250089.0
300.0
675
12250169.0
300.0
675
12250281.0
300.0
675
12250425.0
300.0
675
12250601.0
300.0
675
12250809.0
300.0
675
12251049.0
300.0
675
12251321.0
300.0
675
12251625.0
300.0
675
12251961.0
300.0
675
12252329.0
300.0
675
12252729.0
300.0
675
12253161.0
300.0
675
12253625.0
300.0
675
12254121.0
300.0
675
12254649.0
300.0
675
12255209.0
300.0
675
12255801.0
300.0
675
12256425.0
300.0
675
12257081.0
300.0
675
12257769.0
300.0
675
12258489.0
300.0
675
12259241.0
300.0
675
13150650.0
300.0
675
13149866.0
300.0
675
13149114.0
300.0
675
13148394.0
300.0
675
13147706.0
300.0
675
13147050.0
300.0
675
13146426.0
300.0
675
13145834.0
300.0
675
13145274.0
300.0
675
13144746.0
300.0
675
13144250.0
300.0
675
13143786.0
300.0
675
13143354.0
300.0
675
13142954.0
300.0
675
13142586.0
300.0
675
13142250.0
300.0
675
13141946.0
300.0
675
13141674.0
300.0
675
13141434.0
300.0
675
13141226.0
300.0
675
13141050.0
300.0
675
13140906.0
300.0
675
13140794.0
300.0
675
13140714.0
300.0
675
13140666.0
300.0
675
13140650.0
300.0
675
13140666.0
300.0
675
13140714.0
300.0
675
13140794.0
300.0
675
13140906.0
300.0
675
13141050.0
300.0
675
13141226.0
300.0
675
13141434.0
300.0
675
13141674.0
300.0
675
13141946.0
300.0
675
13142250.0
300.0
675
13142586.0
300.0
675
13142954.0
300.0
675
13143354.0
300.0
675
13143786.0
300.0
675
13144250.0
300.0
675
13144746.0
300.0
675
13145274.0
300.0
675
13145834.0
300.0
675
13146426.0
300.0
675
13147050.0
300.0
675
13147706.0
300.0
675
13148394.0
300.0
675
13149114.0
300.0
675
13149866.0
300.0
675
14072525.0
300.0
675
14071741.0
300.0
675
14070989.0
300.0
675
14070269.0
300.0
675
14069581.0
300.0
675
14068925.0
300.0
675
14068301.0
300.0
675
14067709.0
300.0
675
14067149.0
300.0
675
14066621.0
300.0
675
14066125.0
300.0
675
14065661.0
300.0
675
14065229.0
300.0
675
14064829.0
300.0
675
14064461.0
300.0
675
14064125.0
300.0
675
14063821.0
300.0
675
14063549.0
300.0
675
14063309.0
300.0
675
14063101.0
300.0
675
14062925.0
300.0
675
14062781.0
300.0
675
14062669.0
300.0
675
14062589.0
300.0
675
14062541.0
300.0
675
14062525.0
300.0
675
14062541.0
300.0
675
14062589.0
300.0
675
14062669.0
300.0
675
14062781.0
300.0
675
14062925.0
300.0
675
14063101.0
300.0
675
14063309.0
300.0
675
14063549.0
300.0
675
14063821.0
300.0
675
14064125.0
300.0
675
14064461.0
300.0
675
14064829.0
300.0
675
14065229.0
300.0
675
14065661.0
300.0
675
14066125.0
300.0
675
14066621.0
300.0
675
14067149.0
300.0
675
14067709.0
300.0
675
14068301.0
300.0
675
14068925.0
300.0
675
14069581.0
300.0
675
14070269.0
300.0
675
14070989.0
300.0
675
14071741.0
300.0
675
15025650.0
300.0
675
15024866.0
300.0
675
15024114.0
300.0
675
15023394.0
300.0
675
15022706.0
300.0
675
15022050.0
300.0
675
15021426.0
300.0
675
15020834.0
300.0
675
15020274.0
300.0
675
15019746.0
300.0
675
15019250.0
300.0
675
15018786.0
300.0
675
15018354.0
300.0
675
15017954.0
300.0
675
15017586.0
300.0
675
15017250.0
300.0
675
15016946.0
300.0
675
15016674.0
300.0
675
15016434.0
300.0
675
15016226.0
300.0
675
15016050.0
300.0
675
15015906.0
300.0
675
15015794.0
300.0
675
15015714.0
300.0
675
15015666.0
300.0
675
15015650.0
300.0
675
15015666.0
300.0
675
15015714.0
300.0
675
15015794.0
300.0
675
15015906.0
300.0
675
15016050.0
300.0
675
15016226.0
300.0
675
15016434.0
300.0
675
15016674.0
300.0
675
15016946.0
300.0
675
15017250.0
300.0
675
15017586.0
300.0
675
15017954.0
300.0
675
15018354.0
300.0
675
15018786.0
300.0
675
15019250.0
300.0
675
15019746.0
300.0
675
15020274.0
300.0
675
15020834.0
300.0
675
15021426.0
300.0
675
15022050.0
300.0
675
15022706.0
300.0
675
15023394.0
300.0
675
15024114.0
300.0
675
15024866.0
300.0
675
16010025.0
300.0
675
16009241.0
300.0
675
16008489.0
300.0
675
16007769.0
300.0
675
16007081.0
300.0
675
16006425.0
300.0
675
16005801.0
300.0
675
16005209.0
300.0
675
16004649.0
300.0
675
16004121.0
300.0
675
16003625.0
300.0
675
16003161.0
300.0
675
16002729.0
300.0
675
16002329.0
300.0
675
16001961.0
300.0
675
16001625.0
300.0
675
16001321.0
300.0
675
16001049.0
300.0
675
16000809.0
300.0
675
16000601.0
300.0
675
16000425.0
300.0
675
16000281.0
300.0
675
16000169.0
300.0
675
16000089.0
300.0
675
16000041.0
300.0
675
16000025.0
300.0
675
16000041.0
300.0
675
16000089.0
300.0
675
16000169.0
300.0
675
16000281.0
300.0
675
16000425.0
300.0
675
16000601.0
300.0
675
16000809.0
300.0
675
16001049.0
300.0
675
16001321.0
300.0
675
16001625.0
300.0
675
16001961.0
300.0
675
16002329.0
300.0
675
16002729.0
300.0
675
16003161.0
300.0
675
16003625.0
300.0
675
16004121.0
300.0
675
16004649.0
300.0
675
16005209.0
300.0
675
16005801.0
300.0
675
16006425.0
300.0
675
16007081.0
300.0
675
16007769.0
300.0
675
16008489.0
300.0
675
16009241.0
300.0
675
17025650.0
300.0
675
17024866.0
300.0
675
17024114.0
300.0
675
17023394.0
300.0
675
17022706.0
300.0
675
17022050.0
300.0
675
17021426.0
300.0
675
17020834.0
300.0
675
17020274.0
300.0
675
17019746.0
300.0
675
17019250.0
300.0
675
17018786.0
300.0
675
17018354.0
300.0
675
17017954.0
300.0
675
17017586.0
300.0
675
17017250.0
300.0
675
17016946.0
300.0
675
17016674.0
300.0
675
17016434.0
300.0
675
17016226.0
300.0
675
17016050.0
300.0
675
17015906.0
300.0
675
17015794.0
300.0
675
17015714.0
300.0
675
17015666.0
300.0
675
17015650.0
300.0
675
17015666.0
300.0
675
17015714.0
300.0
675
17015794.0
300.0
675
17015906.0
300.0
675
17016050.0
300.0
675
17016226.0
300.0
675
17016434.0
300.0
675
17016674.0
300.0
675
17016946.0
300.0
675
17017250.0
300.0
675
17017586.0
300.0
675
17017954.0
300.0
675
17018354.0
300.0
675
17018786.0
300.0
675
17019250.0
300.0
675
17019746.0
300.0
675
17020274.0
300.0
675
17020834.0
300.0
675
17021426.0
300.0
675
17022050.0
300.0
675
17022706.0
300.0
675
17023394.0
300.0
675
17024114.0
300.0
675
17024866.0
300.0
675
18072525.0
300.0
675
18071741.0
300.0
675
18070989.0
300.0
675
18070269.0
300.0
675
18069581.0
300.0
675
18068925.0
300.0
675
18068301.0
300.0
675
18067709.0
300.0
675
18067149.0
300.0
675
18066621.0
300.0
675
18066125.0
300.0
675
18065661.0
300.0
675
18065229.0
300.0
675
18064829.0
300.0
675
18064461.0
300.0
675
18064125.0
300.0
675
18063821.0
300.0
675
18063549.0
300.0
675
18063309.0
300.0
675
18063101.0
300.0
675
18062925.0
300.0
675
18062781.0
300.0
675
18062669.0
300.0
675
18062589.0
300.0
675
18062541.0
300.0
675
18062525.0
300.0
675
18062541.0
300.0
675
18062589.0
300.0
675
18062669.0
300.0
675
18062781.0
300.0
675
18062925.0
300.0
675
18063101.0
300.0
675
18063309.0
300.0
675
18063549.0
300.0
675
18063821.0
300.0
675
18064125.0
300.0
675
18064461.0
300.0
675
18064829.0
300.0
675
18065229.0
300.0
675
18065661.0
300.0
675
18066125.0
300.0
675
18066621.0
300.0
675
18067149.0
300.0
675
18067709.0
300.0
675
18068301.0
300.0
675
18068925.0
300.0
675
18069581.0
300.0
675
18070269.0
300.0
675
18070989.0
300.0
675
18071741.0
300.0
675
19150650.0
300.0
675
19149866.0
300.0
675
19149114.0
300.0
675
19148394.0
300.0
675
19147706.0
300.0
675
19147050.0
300.0
675
19146426.0
300.0
675
19145834.0
300.0
675
19145274.0
300.0
675
19144746.0
300.0
675
19144250.0
300.0
675
19143786.0
300.0
675
19143354.0
300.0
675
19142954.0
300.0
675
19142586.0
300.0
675
19142250.0
300.0
675
19141946.0
300.0
675
19141674.0
300.0
675
19141434.0
300.0
675
19141226.0
300.0
675
19141050.0
300.0
675
19140906.0
300.0
675
19140794.0
300.0
675
19140714.0
300.0
675
19140666.0
300.0
675
19140650.0
300.0
675
19140666.0
300.0
675
19140714.0
300.0
675
19140794.0
300.0
675
19140906.0
300.0
675
19141050.0
300.0
675
19141226.0
300.0
675
19141434.0
300.0
675
19141674.0
300.0
675
19141946.0
300.0
675
19142250.0
300.0
675
19142586.0
300.0
675
19142954.0
300.0
675
19143354.0
300.0
675
19143786.0
300.0
675
19144250.0
300.0
675
19144746.0
300.0
675
19145274.0
300.0
675
19145834.0
300.0
675
19146426.0
300.0
675
19147050.0
300.0
675
19147706.0
300.0
675
19148394.0
300.0
675
19149114.0
300.0
675
19149866.0
300.0
675
20260025.0
300.0
675
20259241.0
300.0
675
20258489.0
300.0
675
20257769.0
300.0
675
20257081.0
300.0
675
20256425.0
300.0
675
20255801.0
300.0
675
20255209.0
300.0
675
20254649.0
300.0
675
20254121.0
300.0
675
20253625.0
300.0
675
20253161.0
300.0
675
20252729.0
300.0
675
20252329.0
300.0
675
20251961.0
300.0
675
20251625.0
300.0
675
20251321.0
300.0
675
20251049.0
300.0
675
20250809.0
300.0
675
20250601.0
300.0
675
20250425.0
300.0
675
20250281.0
300.0
675
20250169.0
300.0
675
20250089.0
300.0
675
20250041.0
300.0
675
20250025.0
300.0
675
20250041.0
300.0
675
20250089.0
300.0
675
20250169.0
300.0
675
20250281.0
300.0
675
20250425.0
300.0
675
20250601.0
300.0
675
20250809.0
300.0
675
20251049.0
300.0
675
20251321.0
300.0
675
20251625.0
300.0
675
20251961.0
300.0
675
20252329.0
300.0
675
20252729.0
300.0
675
20253161.0
300.0
675
20253625.0
300.0
675
20254121.0
300.0
675
20254649.0
300.0
675
20255209.0
300.0
675
20255801.0
300.0
675
20256425.0
300.0
675
20257081.0
300.0
675
20257769.0
300.0
675
20258489.0
300.0
675
20259241.0
300.0
675
21400650.0
300.0
675
21399866.0
300.0
675
21399114.0
300.0
675
21398394.0
300.0
675
21397706.0
300.0
675
21397050.0
300.0
675
21396426.0
300.0
675
21395834.0
300.0
675
21395274.0
300.0
675
21394746.0
300.0
675
21394250.0
300.0
675
21393786.0
300.0
675
21393354.0
300.0
675
21392954.0
300.0
675
21392586.0
300.0
675
21392250.0
300.0
675
21391946.0
300.0
675
21391674.0
300.0
675
21391434.0
300.0
675
21391226.0
300.0
675
21391050.0
300.0
675
21390906.0
300.0
675
21390794.0
300.0
675
21390714.0
300.0
675
21390666.0
300.0
675
21390650.0
300.0
675
21390666.0
300.0
675
21390714.0
300.0
675
21390794.0
300.0
675
21390906.0
300.0
675
21391050.0
300.0
675
21391226.0
300.0
675
21391434.0
300.0
675
21391674.0
300.0
675
21391946.0
300.0
675
21392250.0
300.0
675
21392586.0
300.0
675
21392954.0
300.0
675
21393354.0
300.0
675
21393786.0
300.0
675
21394250.0
300.0
675
21394746.0
300.0
675
21395274.0
300.0
675
21395834.0
300.0
675
21396426.0
300.0
675
21397050.0
300.0
675
21397706.0
300.0
675
21398394.0
300.0
675
21399114.0
300.0
675
21399866.0
300.0
675
22572525.0
300.0
675
22571741.0
300.0
675
22570989.0
300.0
675
22570269.0
300.0
675
22569581.0
300.0
675
22568925.0
300.0
675
22568301.0
300.0
675
22567709.0
300.0
675
22567149.0
300.0
675
22566621.0
300.0
675
22566125.0
300.0
675
22565661.0
300.0
675
22565229.0
300.0
675
22564829.0
300.0
675
22564461.0
300.0
675
22564125.0
300.0
675
22563821.0
300.0
675
22563549.0
300.0
675
22563309.0
300.0
675
22563101.0
300.0
675
22562925.0
300.0
675
22562781.0
300.0
675
22562669.0
300.0
675
22562589.0
300.0
675
22562541.0
300.0
675
22562525.0
300.0
675
22562541.0
300.0
675
22562589.0
300.0
675
22562669.0
300.0
675
22562781.0
300.0
675
22562925.0
300.0
675
22563101.0
300.0
675
22563309.0
300.0
675
22563549.0
300.0
675
22563821.0
300.0
675
22564125.0
300.0
675
22564461.0
300.0
675
22564829.0
300.0
675
22565229.0
300.0
675
22565661.0
300.0
675
22566125.0
300.0
675
22566621.0
300.0
675
22567149.0
300.0
675
22567709.0
300.0
675
22568301.0
300.0
675
22568925.0
300.0
675
22569581.0
300.0
675
22570269.0
300.0
675
22570989.0
300.0
675
22571741.0
300.0
675
23775650.0
300.0
675
23774866.0
300.0
675
23774114.0
300.0
675
23773394.0
300.0
675
23772706.0
300.0
675
23772050.0
300.0
675
23771426.0
300.0
675
23770834.0
300.0
675
23770274.0
300.0
675
23769746.0
300.0
675
23769250.0
300.0
675
23768786.0
300.0
675
23768354.0
300.0
675
23767954.0
300.0
675
23767586.0
300.0
675
23767250.0
300.0
675
23766946.0
300.0
675
23766674.0
300.0
675
23766434.0
300.0
675
23766226.0
300.0
675
23766050.0
300.0
675
23765906.0
300.0
675
23765794.0
300.0
675
23765714.0
300.0
675
23765666.0
300.0
675
23765650.0
300.0
675
23765666.0
300.0
675
23765714.0
300.0
675
23765794.0
300.0
675
23765906.0
300.0
675
23766050.0
300.0
675
23766226.0
300.0
675
23766434.0
300.0
675
23766674.0
300.0
675
23766946.0
300.0
675
23767250.0
300.0
675
23767586.0
300.0
675
23767954.0
300.0
675
23768354.0
300.0
675
23768786.0
300.0
675
23769250.0
300.0
675
23769746.0
300.0
675
23770274.0
300.0
675
23770834.0
300.0
675
23771426.0
300.0
675
23772050.0
300.0
675
23772706.0
300.0
675
23773394.0
300.0
675
23774114.0
300.0
675
23774866.0
300.0
675
